[main.JPG]
filters=crop64=1,1969ffffe4f0;crop64=1,d62d05ffffafaf;
crop=rect64(d62d05ffffafaf)
moddate=3336e072e845d001
width=2448
height=3264
textactive=0
[main.1.jpg]
filters=Vignette=1,35.000000,1.400000,0.000000,00000000;
moddate=136f45591147d001
width=3264
height=2448
textactive=0
